2277
332
6511
9040
2748
2946
9089
7208
3958
5233
4499
9174
3437
2228
2995
276
5055
7815
3039
5111
4654
7971
184
7561
9431
2949
3461
5889
6080
3033
6980
5713
7161
936
6075
1452
7461
939
4301
978
2467
4315
2696
3353
7940
823
3035
233
9361
4881
3828
2340
6805
9942
9991
7217
8693
8727
7051
8340
6785
9896
4575
6107
4994
1125
474
6039
7955
3452
6144
3365
3676
9019
9056
8536
3257
9095
1338
9829
4185
9270
974
2315
2066
7977
1168
6013
1282
3466
9735
7917
8849
2206
9844
8198
3122
4422
1632
8166
808
5096
1119
7606
7669
117
5328
4232
1550
631
8054
9340
6282
8889
2497
2671
41
1283
469
9168
2449
3056
4605
3152
36
7118
9848
9350
510
7249
2689
2220
5738
2116
4716
1929
4931
5149
7596
8556
3160
1436
3602
4242
7129
8112
6449
4964
5038
7286
8204
5536
1655
6942
8496
3185
1198
508
6782
9326
7033
1816
496
397
9771
1587
4541
3426
3050
1063
776
984
8123
1113
2899
7786
5113
8125
6401
9198
5525
5414
8712
4174
2535
3209
1925
2005
6147
428
3514
8739
9175
8641
9683
2013
8257
6361
4422
7316
6221
6583
3912
5360
6203
6946
6972
9896
7487
6181
4006
1425
8498
9287
174
2641
6326
8083
2368
3982
135
3555
1328
3784
3949
4142
1867
2080
878
8955
9833
6004
6416
6816
6895
520
9276
8924
273
5842
3342
2477
5860
8817
3417
3486
8145
5035
5416
4001
5
9570
5119
1605
5909
5315
3551
5156
6447
9339
728
3884
6076
8933
4649
4888
1634
4004
5875
362
6326
5690
3771
4039
1902
3347
8350
7663
3013
7297
9536
7367
1399
7828
4573
3317
5404
3253
2832
295
9362
32
1218
17
4930
5068
3897
2161
2757
3257
7138
4880
3664
1908
6570
4616
6234
1177
5686
764
4014
1318
66
1353
9292
56
7798
3831
3209
2645
3045
8347
5191
3845
4159
5709
544
2397
4839
4544
1948
5449
4926
9923
914
2086
1774
3204
4186
4185
6403
8956
3393
7247
3459
9338
9382
9314
5535
448
5537
8693
161
6100
8995
9229
9333
3140
1913
4652
6068
7514
4522
9258
2284
2167
4064
8978
2683
6814
5331
9078
5674
4592
9008
3664
2775
1504
7817
103
4250
371
2759
5322
8521
5094
3370
6300
2519
7323
6481
7884
8759
1681
3156
3503
1470
1102
9230
268
5014
2012
5449
8644
7151
7006
9794
9597
5633
3822
2027
1225
8092
7540
1887
2599
944
9684
8896
6422
9608
9717
5740
1425
4177
7898
9518
9628
7993
1935
6657
5530
2355
4081
1855
600
8455
7049
6952
6297
7445
7623
3070
702
3034
5096
2013
5922
3227
260
5208
6655
9054
2742
7358
7761
2809
9385
1980
2677
450
3003
4812
3966
8933
3328
1083
324
7236
8166
8008
2488
2952
6033
6056
3737
6102
4226
8054
1356
1453
600
9111
4540
2284
8211
1196
5966
2689
1633
5826
831
4475
3336
8419
8284
4097
9967
6527
4030
5739
3801
5653
5040
4926
9086
8298
8270
2214
2167
9341
4508
5579
8502
6961
8560
5286
6528
6441
3117
8525
4616
9539
605
2506
1210
6587
5833
458
6816
5616
280
6753
6740
4035
7571
3754
3139
2843
4529
556
4954
1926
8372
8409
9728
442
830
5200
752
6154
5617
1794
2897
884
2498
8593
6355
3927
4921
9285
1656
1409
7352
3592
2221
4311
1654
6081
3428
7966
5686
7758
6496
9382
8233
2858
2395
3910
7356
94
7783
6578
3087
7028
3455
825
1364
6326
6010
8251
4752
5781
8348
4792
961
4182
7432
7763
1612
3510
2677
1094
8050
4254
6860
1903
9198
3538
2923
1480
3086
5508
3466
6693
283
3670
5064
70
5334
3564
3664
7483
6897
9039
2062
8263
5816
9165
2071
9006
4490
5646
2986
1416
3304
4610
7954
1079
9960
2166
8773
1093
3718
9590
2236
647
1576
9660
1726
622
7836
278
9771
1388
7681
2694
5987
3971
2127
9523
4369
393
9972
9676
3639
6904
7451
2925
183
386
4603
7290
6394
209
5017
4184
7729
9484
5355
5867
8615
9958
7099
4154
8927
7105
9396
2959
382
640
540
4698
1799
170
1949
1589
1376
1914
49
4082
8254
3922
2394
8657
5969
8480
3468
4382
1710
7641
8280
3319
7477
338
8741
6587
1582
3966
4189
2893
2165
1090
8369
104
4559
4532
1802
156
3880
7313
1085
1719
2555
6413
1162
1568
5821
9221
8898
4156
2198
1441
1090
2099
893
8726
2336
7260
1423
9416
5025
7701
6027
7708
7908
671
7389
6251
4143
3622
4661
8482
2612
4047
9683
2390
6767
8314
7394
8934
9391
8566
9790
4121
6286
2100
6131
3862
5519
1955
7267
2450
7427
9786
8660
8643
3208
6485
3204
8851
1695
9031
2217
8545
9912
3566
2185
5570
8044
8915
1667
8197
9111
4752
4121
2979
64
7453
5835
4757
8422
4339
3344
9920
3832
5777
51
3579
6353
2573
488
4769
8047
7090
9658
4066
127
39
6514
3076
3254
705
1542
9799
6526
6927
3115
2933
5051
8914
5737
808
6601
48
6794
4006
4132
8030
8829
3064
3028
5498
2622
9064
355
3195
4010
8680
9467
4784
4785
4320
9297
8021
2013
943
2024
2597
4137
4083
9316
1001
4608
8051
7932
2990
4484
1609
4235
548
2791
5661
4867
9394
5433
3341
990
4119
3278
1897
9778
4444
2859
8250
8784
4534
6445
5395
4858
3991
9815
4735
9695
8020
3942
6906
3412
9344
706
444
1888
7751
771
2176
1108
7976
9389
8994
8069
2618
6842
3127
8151
1615
467
9975
1640
9189
8746
6997
5959
6937
6583
2095
3279
3783
4461
3360
163
9324
2297
6115
4856
6716
646
1347
3369
1408
5551
3373
4107
2167
3602
1831
8719
365
1309
3866
9277
1273
5161
3130
83
6704
735
294
4041
3991
6827
3531
6463
6501
172
1299
2838
8615
7732
8154
680
5502
9682
7026
3558
9747
8874
7356
4668
1306
606
1447
3986
8964
3980
3189
5586
8718
8003
2312
5856
