2500
5569
1765
590
6391
270
690
5302
3586
2582
3601
1709
3181
7554
832
1253
2121
1282
947
6303
993
3507
2308
4533
395
5213
744
3220
2110
4123
7820
981
3838
2951
3358
7782
8914
4193
3784
1657
4391
6204
856
8408
5277
2774
1659
6788
431
1314
8407
6361
7360
2676
1624
3487
7633
7512
3810
1680
4943
8655
2229
5137
7545
1655
3311
2590
2223
9493
4203
2743
7878
5842
7783
4753
6728
5440
7923
7466
6520
4439
7509
5293
9651
3632
5802
7390
6706
8700
7799
4786
8028
5154
5709
4430
7000
6389
3243
2235
6736
4718
4253
4355
7554
8234
8787
4187
5264
658
7564
3452
135
691
7857
6079
2380
4474
7390
1173
2626
4814
7259
5360
5913
4457
7129
4514
5728
7332
4823
6800
1243
31
5844
482
9263
9018
3119
3594
7898
9010
5307
7582
5729
2203
1950
4036
7441
9894
968
5209
5494
2272
1745
8813
8714
3895
619
3951
7477
746
7351
9681
6242
9564
2659
4135
9187
5556
5201
3682
2315
2484
7555
2003
9289
9059
4402
1550
8596
3193
5917
3741
7634
9191
5630
5453
7859
6001
8665
2569
7018
9241
2431
1058
1403
8361
8975
3368
6511
1309
2075
9671
7701
5930
1960
800
580
1135
4687
1219
59
4615
3904
9542
9833
9959
1367
1429
8408
1754
9143
4950
8339
2471
6482
5271
5305
2219
2218
9143
458
7081
4162
5997
2382
331
9150
937
3557
3283
2297
5685
3673
6194
1158
264
9327
1380
7774
2583
157
7623
9767
2200
3685
1254
7637
4052
7279
3878
2170
6504
8326
4620
4906
9433
3720
2648
6298
5537
3953
1907
9766
9658
2881
8464
5457
6422
5945
4658
8263
473
5446
5386
15
3332
2436
2123
9532
14
8963
4813
2147
6656
8839
4393
8310
1630
3881
6551
1903
9949
571
1106
3752
2149
1657
4613
615
9317
5531
5301
4088
6958
4679
2922
9634
333
1091
7882
1371
6808
1592
9860
8583
9763
6514
6662
780
6559
6916
5132
7137
2033
2808
6822
7525
9131
7508
7316
5675
2345
9640
2640
6579
3529
4084
1544
980
7560
4855
2359
6646
8725
4642
6368
8956
1237
1322
5782
9086
2786
6300
9082
8277
6992
2827
5825
3391
6414
3094
321
1602
4949
9813
6201
9005
5569
4833
538
3354
8216
7491
8470
832
8731
5876
2660
2693
9689
3844
7804
7105
1451
6503
3221
5693
7503
6665
8
986
4708
4626
1889
7279
1038
2709
3570
1882
8759
7106
132
5751
9875
4668
347
4222
7822
4500
4676
9479
2964
9492
366
569
9212
3240
3074
2991
834
806
1056
108
7727
8878
8263
4758
4376
637
6065
4381
2064
8220
6249
4319
3435
7461
666
2660
4576
2885
8149
8788
2185
5389
8702
7881
7850
1282
6020
1071
572
6053
7579
1287
6005
9677
7368
2875
4918
7536
1304
2716
9345
7585
7229
4583
8292
6515
9334
3542
7798
5179
26
338
5645
4563
2065
6118
5866
139
6271
3023
1698
4042
5470
8896
8345
2195
6055
7539
8477
5891
7228
3801
4828
3846
4213
2962
4724
9065
85
2423
1365
9898
7192
2244
2596
907
5323
388
6047
934
3480
3141
9192
107
6941
4955
4512
7540
1224
2960
7329
5321
9377
1305
9799
6143
4436
4820
2348
4044
1129
301
2848
4806
9842
5503
2290
3337
9200
5799
1389
1031
1522
2293
5649
2425
1148
1692
9084
4196
9088
6857
3205
3047
9611
2384
4213
257
3598
6401
7699
7215
7368
8794
827
9427
3100
6182
3866
4368
8404
7123
5912
4578
6322
1745
1362
1306
2431
8454
6546
839
7362
367
4878
8864
9982
6929
7643
1710
2904
2350
1515
3447
8548
2354
3274
9029
3291
7581
4192
2357
6635
7547
1252
7963
9387
6319
5294
34
4729
8319
7671
9521
5603
5336
16
4569
5214
4673
1499
9980
1654
1710
3257
9960
7906
267
1793
9760
691
8216
202
9099
9353
8772
8149
1189
3090
2210
5818
5844
5504
2697
9710
5638
2118
8327
8798
1670
4927
4805
1530
7901
7210
1269
4529
9541
2422
6487
9764
6200
454
7196
9178
8391
9906
4658
9936
1462
714
7790
4106
8133
2998
3752
7067
1098
9023
5648
2749
8010
8116
2622
3357
3126
394
1975
4182
7314
8836
3868
808
5601
8266
7996
8949
4540
2473
1753
4696
2689
1895
7320
8226
3832
2193
6706
4834
625
3875
6744
864
4441
83
8579
1111
188
9322
8105
6925
8420
6816
5276
3040
9823
8755
8812
5214
4415
1076
4189
9425
8138
126
2099
2597
8258
2211
2649
6455
2079
2149
5074
7181
5128
9854
3542
3580
4609
1373
4094
3609
1135
7886
7339
5408
2326
6740
5777
4186
9571
9045
177
5439
9830
5650
1011
6392
5958
6065
306
5199
41
7242
2898
1173
4123
7226
6445
1568
4923
9831
7770
3135
6310
3265
4735
8060
7323
1249
9229
4125
8269
1857
9914
1446
5671
3128
8381
4462
1497
2800
1137
3276
6929
7669
7068
7839
2869
4892
1674
4775
7677
6077
9362
8867
4013
4895
3322
6552
8448
7903
2726
4074
9328
6780
8860
5850
2514
8338
5811
7341
1999
9266
5962
4900
2924
4490
7781
5885
4923
5718
4513
9766
218
8210
7849
3017
7562
8762
3953
3736
4314
4881
4288
6086
6817
2235
4315
7792
5883
6007
3227
7286
6107
524
7760
8746
6126
526
9408
3972
7952
3229
664
159
3896
2523
6739
9060
6382
3432
8776
7377
9805
908
3085
869
7524
6672
1706
1882
4806
6665
4713
5296
6465
945
9641
1650
3276
1556
9569
2231
2009
1701
289
5208
2202
3163
1781
1305
8159
7227
3619
8965
2494
8707
6483
2458
7372
9055
1598
3438
615
9228
847
4157
2262
2055
3447
7120
4488
3905
6765
1836
2377
2290
5201
2484
7571
2886
7969
9787
6289
6840
4629
7450
1151
5882
9941
906
4269
7918
7355
5775
8018
8964
9491
578
8942
129
1775
3321
4775
360
5302
8084
6933
7016
6924
4359
6777
2001
1325
1375
8248
5667
3827
6867
2085
1270
2552
8457
9084
6480
5157
2337
3916
1046
4008
2546
5148
7010
9684
4927
9582
8829
5138
6950
2544
7706
7078
357
2143
159
2669
5257
7510
736
1617
6996
9461
7770
9215
1034
5629
1065
336
7369
2007
4214
5347
4818
6148
5968
5356
3512
8175
6629
5365
2436
2335
5630
274
5186
6889
4581
9811
5580
1922
3011
2675
1698
4257
8890
6558
3218
8899
8156
3231
1417
6088
8135
6966
1398
1531
893
7609
9223
3632
6564
9906
6451
3877
2438
8646
9939
4539
8422
6213
3069
8318
1824
5277
7439
2751
8123
8201
6773
5027
2991
3127
4439
3732
4525
6455
5329
3157
1487
9664
5328
6083
8636
5100
6790
1895
3560
3220
6139
3272
9094
886
7312
3470
8907
5762
5857
5393
2033
5653
6182
3008
436
9132
6437
4061
3724
9994
888
6437
4360
4356
535
5518
5443
5722
5874
5417
3030
1648
2142
694
3210
1115
7209
8711
328
9143
2042
2509
8879
8548
6922
6510
1872
9954
1241
8617
9625
3377
5791
3632
2957
5595
2416
4883
1309
2061
3819
2270
645
9952
2383
8136
3237
4534
5739
8988
3434
5792
4976
7685
7305
4989
740
35
2727
9676
5926
7258
8296
1426
1338
5193
3394
327
6592
4632
5101
2747
2389
8026
1497
4262
9797
9026
9020
1325
3706
5602
6167
7921
1926
3391
1507
8513
842
688
9405
1615
4321
1750
8476
9488
2444
6517
5467
8509
7274
3103
7735
3095
9635
6754
7830
2119
1201
440
1826
356
4284
5261
4209
3901
9456
8878
7410
1654
1502
7020
5238
6287
2508
8847
4009
8608
2089
3815
4988
7361
1553
1870
9712
7429
8937
4458
5168
2695
9384
5886
1499
5437
2755
2688
2269
7913
3939
2069
3434
7759
5700
6169
7590
4752
173
2011
6388
6564
4711
4452
5880
5383
5995
6104
2395
586
5213
2565
5227
4938
7343
4104
3436
2702
8131
8736
8735
9193
5025
4682
8622
4112
5297
9019
5745
7014
8662
1676
5456
1634
4008
47
1845
5122
2507
1664
4860
7849
9169
327
6747
5460
7321
9098
424
4570
6194
2048
684
2961
9440
3216
898
9550
4761
6375
75
260
5581
6040
4001
3982
1456
4045
9414
4887
8278
7212
8952
550
9545
2806
3107
9752
9306
7001
6196
7541
6290
8932
6038
2837
1507
9403
7147
8907
2032
5024
919
1343
6229
9457
4972
8954
1125
6514
2590
2858
3230
6687
7203
3622
1643
1411
1513
7739
8918
6999
67
5636
6855
5842
3249
5752
5758
4766
2604
5613
2809
3755
9819
6267
6162
1357
8932
5180
6136
8945
4290
959
9529
8701
6256
7051
185
37
7199
9137
2865
857
2602
4010
8215
1947
6371
8479
741
6527
5593
4632
217
332
7625
396
2233
8175
4270
4695
8608
7230
2887
7610
9801
6170
3155
7531
1175
9149
9083
3837
7439
1091
348
6459
2468
6086
1295
1934
1388
5729
7111
5567
9779
1126
5911
133
3116
7691
5629
5039
4879
9102
2031
110
2692
8394
5248
234
923
2770
559
8581
9173
4905
3485
5804
1346
2036
9145
1817
1640
2120
9401
6806
6940
5229
4311
8972
81
6388
6166
3385
4346
7045
5583
8736
6189
9728
9436
4554
5687
4357
1616
1483
3942
6912
786
864
5878
9932
1780
7843
8331
5032
6548
7249
840
7702
3054
5955
9003
976
2491
1816
3461
2966
7579
468
5705
7058
5851
7153
9567
45
2578
2596
2822
9370
1950
3611
4020
6944
8102
7426
2635
3589
1483
2724
1579
6357
3184
3919
1805
3874
4387
1808
3331
3749
4599
4302
3450
4803
879
3554
9369
7260
9161
5284
8153
1212
3605
9265
4432
6804
2465
904
5467
9395
1234
8916
5496
8621
5617
2035
3614
2862
9903
5398
5321
6808
9527
3617
6213
2247
1103
7986
6631
6918
4441
4446
6355
7291
4572
6567
5773
8605
8362
970
7743
310
478
6404
4884
5459
2485
2597
2975
8344
8886
4604
7419
5568
2302
9186
1727
418
9148
2596
5949
8432
2390
4615
136
1001
5734
4640
4720
9966
1637
3771
7308
9410
627
2217
3010
1850
832
2103
629
180
9177
5657
5900
8612
5714
53
4379
216
1404
7740
3040
8157
9956
5027
5565
780
8104
976
7613
5708
5190
7857
8004
1515
2627
661
8983
5271
5077
5774
3925
374
5710
8894
3297
8741
7109
4238
333
1038
7779
6110
36
8898
1654
8902
6644
3494
8325
5883
6487
6427
6049
206
6365
2885
1652
3502
7927
8717
5482
8126
5314
8034
2408
4288
1533
4762
6221
961
8473
5238
2243
1582
2413
2851
5538
5364
4883
6429
7906
8182
371
3518
7450
6455
3961
5092
2794
3879
9237
3745
1601
9674
3791
6540
6844
5348
5957
1428
796
3505
4275
8501
7315
4737
318
8307
3306
32
13
8739
5170
1012
6500
1273
6117
2799
2910
9100
536
6869
1910
6166
8224
6999
7586
9336
5949
2286
1021
4810
791
2787
5040
639
2964
8378
9772
1687
3812
6368
3686
686
121
1465
4095
7314
902
2092
1631
945
8162
6619
4302
8113
3593
2585
7215
6170
16
6400
4841
5822
6979
3323
4402
6760
8524
8910
4619
9554
578
9462
9986
1392
268
8698
1576
5626
1088
672
4576
328
2013
5405
2848
6405
9985
724
2360
9718
9384
9952
4588
932
818
7197
6319
5348
3615
3248
8350
680
5417
454
678
735
9230
8442
115
4983
8889
9392
3158
7971
140
1151
6977
9991
3052
4140
9250
2656
5897
9137
6299
225
377
1372
1162
6584
1120
6867
3978
4319
781
4342
5380
3406
8196
1533
2387
5629
6067
6320
4291
615
1220
2406
7573
8283
1630
5732
9026
3356
2584
8903
2681
2632
475
7469
3047
6758
5539
7518
1890
8520
6194
7592
5666
4400
3809
9784
365
4047
9348
6340
5549
1001
8936
2596
3391
8564
5499
7394
4843
7438
9736
3575
8043
5694
6046
9476
5626
3875
684
8178
8587
9386
2604
2673
2195
5739
5257
4797
5604
9522
2654
5135
8055
3723
9196
5392
1028
5110
7127
2184
7265
4299
4750
4852
6757
1671
1477
3925
7352
3684
49
4869
4217
1990
8111
3333
363
8258
6849
6146
4925
665
9078
5607
1269
5138
6469
2987
2968
3862
2310
8986
8264
4085
7549
5490
8842
7238
2355
8948
3315
7147
4627
8170
8288
5891
8782
6792
1694
9225
4380
6955
9532
1977
7792
5838
4699
6435
1190
5499
7166
4216
6683
4174
2820
7761
2345
3189
3552
6832
6846
3908
2913
1870
2600
7702
8771
6083
4623
3981
7393
1251
6047
6954
2228
1190
2576
8680
9741
8992
7235
7875
8491
5423
9244
9398
9818
452
7815
2866
9256
4984
2984
1562
8805
4015
3635
2331
2086
4762
8740
346
6694
9046
5389
8485
778
7586
5290
59
3727
79
337
8727
4403
5648
1739
9095
7020
8688
9018
8188
3097
4194
8439
9978
7795
9716
4233
511
1887
9485
7075
5505
9267
6389
5946
3615
3010
8404
1777
9017
6118
1778
5748
4924
5193
2798
8718
4117
1696
7290
6791
1495
3285
3555
2541
5912
1375
4143
6749
805
8720
1311
5918
9014
7819
132
779
6909
2655
7966
2843
3655
421
7551
3199
8101
7522
4494
5335
8724
8025
1223
2657
2168
9409
9263
2543
1720
1837
6550
1219
8082
8622
1925
4586
9583
162
6183
6403
1073
5046
3140
5771
6105
4608
2024
1110
3286
8050
3331
2043
8295
6507
6825
7436
9602
4448
8713
7681
77
9682
5675
992
9081
6108
8979
1291
6606
4316
3458
8759
6497
1787
7883
3620
9875
6443
8419
7149
3091
364
466
6222
2164
5690
3686
8077
3817
5735
5414
1927
2108
9553
1940
7384
1630
5151
6892
2277
4344
8477
3465
9258
5553
4338
7751
3307
5976
1770
963
8041
5777
7285
846
1636
5277
6715
1296
5607
4321
7498
4906
5493
745
3693
8244
4621
661
7387
3860
7932
9361
9434
9616
9904
3363
2926
3371
517
1678
5009
7771
2206
2659
7664
6636
4705
6999
6528
6221
6719
3775
716
9607
3262
6551
6636
5790
1925
6931
3715
8096
6628
4125
4085
7707
9566
1581
2611
9547
3396
5207
8965
2241
3279
1021
5602
7951
8729
4021
8639
9711
2696
9094
9026
3732
5496
5948
7537
3928
2228
6059
3132
2980
8241
9407
5764
3294
8375
7810
87
7789
1325
2135
7785
440
3888
3796
6047
5308
335
7709
4987
8412
5750
4650
2752
9955
998
2026
8209
9477
3565
9585
4954
8611
3639
2845
3658
4013
4096
7910
332
7042
5988
3252
9232
4307
8422
6507
6459
7494
1993
2033
4664
6455
2702
3728
6409
6024
8907
6822
7854
7496
8868
2569
976
7938
7497
9001
2443
5020
396
5838
5894
816
6701
7632
1872
4376
5108
38
2153
5874
6874
9462
106
7939
532
314
6098
3256
6604
1588
2686
5063
1134
8616
9267
7268
7901
9240
4203
4912
8847
5421
5082
9675
8044
1920
2509
7482
862
6201
6766
3044
7893
1087
1765
2566
4810
8206
2126
2135
702
3111
5763
4725
638
7921
3303
2302
1157
9453
8671
4763
4590
6967
5484
9174
7156
7384
5833
6701
1673
7241
1805
3455
5455
2946
3214
5427
1766
5040
707
4392
3331
7093
8195
3670
7657
7208
31
2323
7990
302
2105
2114
7613
3105
3696
470
6043
6828
7977
3573
9400
5433
5100
6631
9372
1985
951
1582
4172
7283
6291
5839
2464
3104
3265
8926
4274
4578
2336
2488
4820
7197
6383
8201
7694
270
377
959
7316
1168
2146
4310
3296
269
908
3985
4081
4577
4646
7626
7215
6378
8386
2033
1865
6476
34
6513
6413
5298
7726
7920
8308
5503
7540
4597
1319
2258
5164
3939
3874
3159
2871
180
9700
9386
8116
6593
736
6566
1262
6285
9955
7868
9142
98
8978
7311
7160
4739
1311
4268
8716
6032
9575
7239
4652
2152
4012
5777
9613
2777
2970
7958
460
9987
1864
5186
5494
4682
1662
324
4083
5978
7837
2474
8928
8917
8670
7356
7144
2392
8731
4965
3087
9580
756
6651
747
2183
176
2528
7295
9619
1633
3537
1237
1319
7137
747
5991
3489
7214
7934
5626
21
2416
1930
6343
1839
5731
7526
9031
132
4102
5055
5707
3479
9326
1053
4181
8071
5655
7874
39
2261
3513
891
7286
3892
6035
3177
4442
6361
1222
5033
6389
2434
1328
1359
1741
3971
9828
9778
6808
5963
8099
256
7651
3301
6649
4882
159
6394
374
6987
8744
3684
4519
6554
6323
8014
2320
5438
7012
4231
9913
2537
4794
5269
6418
1933
6007
8598
7204
7732
47
4721
7206
5804
9596
1995
7961
5502
1771
7542
3824
287
9272
7028
6223
5024
257
7849
4974
4560
7705
8558
3882
2674
7419
3490
1978
1849
7449
9819
9433
5295
2944
7994
1668
9813
8730
7469
209
9509
8607
3149
7930
9059
3848
1480
9813
9042
8467
7097
1169
5731
1196
1715
8959
3031
8670
5837
8570
7446
4870
4311
3493
8633
8303
3594
3472
6961
2896
974
7558
2554
3806
3957
7223
4010
2271
1716
1468
7764
5997
1362
4780
8185
4498
841
6586
2894
742
5130
489
4664
8643
3085
669
596
2625
4517
4431
4051
9891
1074
6765
2370
6924
9904
2747
1304
3775
5549
1114
3849
6595
8216
2259
5096
7647
4421
273
425
9367
3613
680
2404
8083
2242
5013
389
5320
7456
1716
2256
3990
174
7384
8145
9838
4292
5163
9650
1661
5127
5170
3862
3369
8672
395
9027
6054
3402
9798
5789
2566
5034
2013
3388
4123
4665
5089
8399
6202
2557
8771
426
2350
150
7260
7563
2918
180
4282
8635
3996
6341
3623
9344
6051
812
2375
4910
6348
1389
542
1469
6117
7173
5067
8006
3567
5303
9061
5320
8042
4625
8273
7655
2975
8909
2973
9252
2490
4499
1452
695
5186
6380
4879
4024
4118
241
7500
8590
2933
1138
2461
1231
5690
9346
5095
1878
6067
8208
7397
5618
1996
3809
8705
3387
3629
9576
2735
6671
4908
759
2838
6219
9152
9359
9260
3477
2868
7412
4733
8422
1812
2828
6759
5333
1096
5766
8084
4638
9034
9047
7285
2466
2564
3007
4744
2184
5835
