6814
2003
6079
6232
3538
9386
663
5148
375
3356
9059
7147
6390
3312
6528
2336
3552
8475
8191
2635
2295
3309
2845
1104
5941
7547
289
7202
7354
8821
4335
3464
1955
3796
6921
186
7525
1810
9653
5866
8570
2277
5914
7745
3106
3753
9108
1989
6490
7817
8295
8644
6938
298
5280
7151
3496
6997
4982
9270
3899
3470
8208
3612
1770
3189
7632
5687
3490
1849
5213
3494
3590
9316
4654
5855
6577
935
8146
724
6039
5314
6093
9713
5161
5408
6189
5397
3960
5533
2555
5355
7761
645
60
1364
3270
1419
6615
3074
4381
1186
8449
9379
8657
1452
7748
9912
9126
1100
8222
5617
8571
1930
4806
1752
280
1922
1705
4918
4231
5529
3250
4981
5055
1630
1417
3476
1834
2409
6434
2064
6377
1939
1478
8853
1326
2913
3519
6049
6358
1166
4700
7745
6842
9427
8772
5755
1514
854
7272
3783
778
2461
2465
490
3257
7293
9289
7472
6220
3971
9509
1397
2138
286
3904
1441
7232
4423
3619
2606
9237
3487
8287
5799
6967
2995
429
2478
1780
3054
8077
2938
7733
6108
8172
5964
85
1734
4177
6700
3903
6430
4789
4741
485
7865
8194
4073
3533
4452
5044
8994
3334
2964
3821
3511
7720
5726
4965
8615
5529
3519
2942
7796
1004
5354
2293
6143
453
1884
4276
237
3303
4829
9237
1843
6910
38
4833
5491
776
3209
7959
7218
7197
3713
1576
5669
192
3255
7742
7496
1038
910
5245
8266
8084
9612
3010
2297
9821
2309
4760
7701
5528
4101
3129
2292
6744
3818
8001
9185
821
2172
5487
1394
9775
8202
7397
3477
6947
6610
9278
485
8151
5741
5295
943
6575
6549
8438
5371
7506
9475
7855
682
982
2409
6518
3707
2935
4553
7510
1177
6839
1072
4592
4389
7776
8659
3463
1211
9909
7924
3112
4659
9654
7313
7160
8807
7730
2665
1109
700
4487
4876
6110
4479
5621
4622
7615
4301
1888
9431
4916
5391
9364
6634
8110
4352
8435
2704
2468
4924
7610
4352
5697
7526
6226
5662
5995
5910
8450
5837
180
2686
8481
450
2937
7528
9369
1255
8696
8926
7559
4344
7646
213
8063
2429
6926
4710
589
9492
6078
7850
230
1211
1068
8978
7709
1431
4301
1329
1121
4228
2806
9286
803
2730
7156
3721
8646
5784
7701
8673
9023
6623
953
7248
4972
3310
6947
3116
1841
85
3978
1643
1421
5208
1997
6634
9851
9826
1507
7162
3813
9875
9343
808
2258
1176
4818
8759
8352
1078
4523
8427
7245
322
5177
7605
8047
832
8930
9398
5924
86
4620
6882
4147
8651
5112
3011
3729
7890
5182
5927
1824
4173
2436
6055
2706
8880
6920
468
5259
7716
7453
8912
9908
4532
4482
5782
6172
8791
8637
5976
5337
7450
1959
5891
6140
1865
9665
9601
6035
7754
4645
7275
8776
2503
2631
1720
8710
1926
5210
3030
8155
9670
3631
7636
8969
4248
2664
5689
3543
2456
7962
117
405
7158
3777
9299
9245
4005
2157
1959
9348
4032
9834
9641
8927
8996
4238
1822
7571
3950
4012
7872
212
8353
7637
554
2751
5348
5022
4257
9156
7910
844
418
6443
9167
700
8548
8504
3844
5551
2650
4216
3654
6227
6760
3755
440
413
5118
380
4763
6369
3062
3643
5656
8676
8294
2523
9146
953
3539
7559
7797
8520
8770
9104
3223
8573
7692
6898
713
4220
477
5685
2561
4082
2617
5982
3032
4838
9596
7813
9587
4447
2204
6578
7248
3327
2030
7265
1199
8013
6753
932
1770
4033
202
5128
2499
2344
4653
6175
2712
3607
7830
8108
3765
203
8577
6110
7319
8175
8716
2243
7880
1544
3462
3998
4044
9338
4852
5620
3335
6702
6464
1615
9689
4187
4558
4917
2199
8016
957
4275
9670
3732
7702
7939
7926
5668
3541
3694
4234
5563
5681
7994
4544
4721
2681
5475
5569
4298
5628
6984
2630
5903
6709
557
3988
9002
9698
5934
9687
5050
2687
4259
4311
8359
8964
6686
1656
3487
1672
1937
260
2543
2976
2509
8013
8093
6760
614
4450
4402
2700
9778
6320
8917
899
6080
2226
2258
5593
5205
1478
6010
9912
6305
7101
708
2242
1840
9023
1297
6814
9869
3561
3918
4524
129
8020
2274
4646
6713
9843
8918
2070
5206
7305
9332
2734
7757
2308
6840
5480
8190
810
9364
5578
8258
8494
4832
3925
8798
3743
8446
1771
6885
8430
8204
5002
553
2010
8002
8585
6834
9417
4875
7198
7255
5589
1952
3834
3304
5200
6576
5074
9343
2070
2236
8283
5851
4974
7182
3616
5468
9980
8234
627
6637
7990
3261
8942
7082
9457
1458
6628
7507
5671
19
8698
6425
4903
6397
8027
582
3962
4636
9788
4553
5805
1845
861
9582
480
7491
5113
6796
4649
1720
4042
8824
9686
8453
7931
5896
6605
3766
940
9425
7170
6132
9276
9697
3381
3870
7766
5321
7556
4914
2842
9890
4244
2180
3798
1153
8936
5249
1777
229
220
8574
8661
332
6321
8809
8550
645
52
289
7235
4129
5997
610
5880
1395
9409
2008
3549
1254
6405
7253
303
3038
7392
2317
3513
1270
3227
3742
847
2969
5367
8542
2070
1436
1771
1244
4755
8904
2633
601
1903
3797
8108
975
1683
1362
4369
6671
4662
6914
6350
7289
5264
5616
8691
8900
1002
4179
7852
6029
9429
2748
720
9964
5523
1484
6713
1843
9110
3107
3440
2704
1203
7859
2052
3329
9729
4851
3127
5335
7380
1999
2613
7571
833
1853
8562
3916
1582
7210
735
6595
6728
4179
9625
8910
8687
7760
9022
7905
4946
8762
3916
6987
1666
7294
5736
6299
9126
1481
1544
1075
1787
7843
9326
3285
4021
840
8449
4875
7815
5297
7081
483
667
3074
4951
8998
2030
7468
9727
6586
5483
9858
1731
9965
2
3865
8045
3522
6677
6985
6200
3688
6063
2720
4588
4677
1154
8790
5444
6627
3547
8619
6717
5393
3443
940
7390
5498
6773
5604
8095
6418
2935
8831
7895
7756
423
2586
4038
8920
4579
5654
5723
4922
2085
2332
1107
6775
7817
7578
5535
5593
6525
3451
2672
3841
5124
1093
3314
8219
7878
5132
5922
4477
104
7380
2605
3802
6067
8163
279
5923
9908
6645
7045
6381
383
2297
471
6750
8577
4233
261
3744
2129
7911
1477
9352
8065
1170
8599
6112
5559
6568
5549
2912
7378
1846
3514
1868
7980
90
8469
7719
5707
8153
9610
1541
883
9469
4893
4126
2988
5766
4700
6878
3931
8194
8225
5417
3839
215
4960
5932
1578
7164
9779
9230
6811
2136
9888
8694
7924
1842
9075
5910
2925
6391
2749
5845
292
7146
8937
251
8670
6838
6967
9941
767
655
8887
2008
978
3799
1187
7202
5957
8684
3641
4060
8757
8862
9204
5563
8065
4943
7862
9398
301
6083
9124
4562
3510
3574
4126
8041
9740
6285
1881
5706
9697
6148
8203
4041
6173
9255
3235
7735
8476
5596
1826
3740
4788
7678
1514
6833
5302
1732
3361
714
5104
4816
4977
9664
9805
5284
5424
9101
3242
9310
2375
5905
8310
8436
2258
1041
6293
4346
8403
5311
1393
1857
1491
1204
462
1817
8005
74
9767
4887
6296
4343
5466
7154
4698
4467
5709
6423
5060
6650
8236
1245
6134
301
81
275
4735
8755
3854
4293
136
8157
9801
2701
1678
9800
4228
3606
5579
5883
681
9163
9008
7087
8975
3422
4897
4462
2811
8469
7405
2997
1941
7791
1736
2819
966
869
7735
5492
8715
4939
551
6055
5897
7733
9050
9178
9981
6054
3727
7543
9070
2724
4125
2312
9346
4728
6315
4279
8489
9441
2959
2816
6650
4248
9906
2775
4457
7342
989
1478
5121
8737
3586
7663
8051
9965
8344
8592
3851
8016
7428
9412
5276
5158
6065
6102
3816
3475
7261
2464
733
5391
6095
4753
4767
5691
2632
2349
1518
1234
8341
7407
4020
1594
5886
8346
2173
618
1038
9549
995
8357
5184
564
6709
2373
722
6475
6724
1059
4745
5230
362
7747
1089
8699
1783
2492
5502
1865
873
8068
9796
5058
6135
2411
4655
1516
7738
4462
7792
8581
3929
172
229
940
8767
1013
6212
9933
7595
4702
7155
5316
2868
2928
4487
4099
87
3137
6968
5774
399
7482
7309
6292
3151
9831
7833
6008
2462
9166
5441
3021
848
4007
3240
8976
2349
6794
7338
111
9873
4165
1105
6984
4016
7820
4135
7708
8947
8859
7177
6578
8050
4536
612
8583
7760
5331
9360
3203
3534
5999
8725
1480
6445
7482
1997
5380
8052
5320
7352
4837
1449
3966
502
8012
2224
6570
1701
9546
4382
864
215
1207
2136
4288
430
9873
4525
947
7703
3009
3836
1827
5617
8154
4468
6634
4168
1227
9798
7635
6259
9636
9496
4653
9110
5125
5785
5134
6324
7361
749
9492
6724
7105
52
391
3615
902
8795
7674
6772
3238
3790
3424
4680
1016
1832
2699
7181
6666
7849
15
9118
2463
8850
2149
3444
8183
4032
6204
136
6710
2083
5018
8054
3606
5546
6817
1082
7672
9949
6748
6441
8662
8183
360
3327
5588
958
4400
7568
6645
3007
2272
9949
3130
235
2651
7270
501
9688
4584
2070
4828
2453
3111
9151
2056
3631
6434
9427
9645
9177
7134
3580
1700
5915
6433
5273
8964
2713
957
4565
80
6686
1930
3877
9242
150
4643
1966
5364
3413
2950
6241
6599
3495
159
5556
2061
9301
5422
9935
5352
6048
1300
9167
1030
2030
7101
9962
4940
2046
3431
7904
8623
281
8930
2986
2481
5191
9167
257
296
3179
9946
3214
3371
2589
4068
1034
7542
4850
9001
6801
94
5033
2609
4023
7102
8068
4514
7415
3854
2465
5026
6084
6293
4869
9722
8654
7637
8036
2758
1348
357
3007
9481
2192
7517
6458
477
8355
6090
4760
9480
7213
6465
6470
5594
9689
1248
4706
307
8691
848
502
417
2487
4119
7636
8247
6663
4682
9615
4842
2937
9199
3011
7893
8795
5248
4595
780
4372
4476
9069
77
7816
615
1820
8786
743
7922
7306
4227
5554
2469
5376
4297
3851
5513
395
8189
2425
4658
2140
6991
1125
7257
573
4083
2948
2472
683
7333
5536
9343
7956
2957
9637
6868
7023
3950
7686
7814
8226
5944
1977
8050
6755
4221
5654
2318
7535
3873
7223
3907
9137
4890
2604
6889
112
1159
8574
8090
9383
6013
3117
2184
9394
7501
8329
1594
1202
5297
5721
6945
2157
917
7548
378
4197
7266
7146
5116
8755
7029
4453
1280
9968
5663
9201
9105
6688
4693
1646
2905
2059
4056
7102
4075
2489
79
983
3695
6058
1328
582
3671
4447
8509
9198
9249
5496
1115
6812
6901
3131
7614
1464
7342
5149
4273
8490
9141
913
2498
9222
569
2330
7145
5206
1995
6719
6904
8515
5270
1546
5838
8368
9212
5292
3222
4835
5259
1313
5053
1264
9262
1611
8737
5171
80
494
2708
9450
9035
6871
9248
2125
3326
2458
6244
3275
9374
9558
3661
8018
4307
5895
7904
4315
7731
5016
7347
7871
4716
7763
8347
5498
8283
7063
3744
8555
3674
9461
1757
6772
5381
2167
612
6021
3309
1308
1919
7263
5510
820
1040
8919
2971
149
2793
3690
7234
2520
3912
135
5609
9875
9354
7278
9295
6532
1073
931
1888
2454
3680
4942
8696
2867
8835
610
4169
455
2043
2840
1112
8220
7063
1943
4385
567
6446
674
6491
9407
9289
271
9285
5717
5662
1247
5008
8340
7734
2879
4391
7031
6784
10
664
1393
8639
873
9078
93
4174
2104
4472
7762
8948
9989
5833
3794
883
6792
770
9040
682
4042
5893
444
5898
3523
592
3037
8549
3060
1601
2473
6178
1965
5689
2132
4461
4653
8249
9314
6028
4276
1049
891
8941
2630
5048
4474
4123
7198
5613
3985
6799
4716
6476
9261
3394
4125
3220
3906
5088
501
9509
2323
2777
3980
9518
8112
962
2178
6469
9980
9544
8912
8160
7273
9812
9949
9264
2803
906
2873
6574
7558
1644
9001
6126
6652
7051
4480
4783
7671
5773
6199
1252
6935
4970
2249
8397
2697
6496
5693
9086
3997
2247
5920
9553
2594
