5428
2946
866
2219
629
3084
6799
2820
2376
6361
4102
9662
1461
2836
1224
2693
1098
5908
3898
9992
1631
4230
1893
5736
3828
2662
1593
8699
5382
955
642
7133
1424
6540
3586
1077
4478
7859
9502
9311
861
5180
2661
6315
975
297
8939
7617
522
4294
2996
9502
8992
1700
8299
2480
8361
6804
8498
1755
4124
6577
4276
4277
1421
7946
4342
6596
2624
3851
1597
2434
5339
4696
7945
3754
9466
965
5342
8354
7900
581
3187
6228
2059
4301
307
9291
4969
9043
3473
6102
6277
4872
9385
1628
381
7712
3426
4573
5310
8970
7759
721
4359
9504
4885
8783
2091
2541
2662
1916
3908
5413
2939
2302
2981
2726
3393
5595
5944
89
9803
5283
6663
821
1061
2967
3238
6720
2552
7092
8668
147
2073
544
3539
6009
7325
1936
9573
5731
1335
6867
5974
5099
2945
2303
2641
547
185
4790
8491
7882
194
9972
7667
2154
3212
8440
2219
2129
3054
1517
2224
9385
5568
8019
3780
7462
3685
655
7437
924
309
476
5383
7563
8056
396
5924
2872
1454
367
6724
2361
1212
7886
5791
2556
7346
9237
9999
6020
2551
3739
7371
4066
3285
1103
9934
1964
8322
4960
4375
6140
7875
6425
6521
4760
8613
5336
4274
985
4038
4090
9640
8442
3373
4373
5407
15
7386
4416
1576
1567
856
9651
4884
4144
7695
3015
1638
5934
278
249
4150
5639
9574
1696
9409
8790
6378
968
6302
2089
5875
5467
4987
3618
3191
9292
1558
3783
5177
783
2777
22
1524
1816
4204
776
7984
1390
6494
9472
5976
8236
9342
7233
5810
8468
8963
9881
8109
7296
1228
5038
1625
2455
9794
6596
8192
4584
6457
8376
6611
1269
5733
7915
5471
2351
5418
6430
4750
5930
5419
7319
6585
317
8628
3774
2891
8969
9171
7254
3729
691
369
219
2574
2384
575
8676
3995
9068
2187
9829
7499
823
6402
7925
4701
7612
5839
3718
9755
8126
8450
758
9215
4610
1436
8753
7429
3460
1430
9153
9307
2919
9569
7315
8180
3308
4792
759
2349
3933
4401
3460
6551
7287
6339
9813
2691
7074
1858
5588
11
5967
4597
6882
5613
1757
4249
8912
4979
9271
1438
5628
2061
6461
5215
5340
4497
5566
9967
3088
8664
8975
463
8471
7017
8842
2060
7873
5827
9558
7285
8012
1652
9775
8522
1630
2919
3474
6047
7309
4874
3112
4720
1438
3693
5964
2016
4184
7062
6474
6074
3332
5906
7893
344
5012
3686
7253
289
7501
9620
5532
2492
386
8936
1956
3955
7358
7218
9047
2820
4221
238
9833
3409
1816
4927
5158
3543
332
4314
9828
3691
3750
4334
2452
5616
3485
7730
2395
1862
27
3255
279
8988
9241
9404
8129
7590
3367
5617
7134
1081
8629
9475
5280
5427
1888
133
4367
888
1260
752
4752
9896
7643
7601
4624
1196
9015
4065
6928
3279
5874
8930
6796
313
1559
1460
3801
2421
5420
2072
251
2357
8343
6716
7616
5756
7066
2229
2557
